%  columns="iteration, evaluation, void, void, void, xmean" (startseed=208927, 2022/04/4 19:19:21.27)
0 1 0 0 0 0.000000e+00 0.000000e+00 0.000000e+00 0.000000e+00 0.000000e+00 0.000000e+00 
1 10 0 0 0 1.424326e-02 -1.006216e-02 -1.558197e-02 -2.773866e-04 -1.307959e-03 2.927572e-03 
2 19 0 0 0 1.715103e-02 -6.090132e-03 9.459210e-04 -7.552524e-05 -3.649154e-04 1.924471e-03 
3 28 0 0 0 1.230192e-02 -1.256986e-02 3.385584e-02 4.195966e-04 -2.356128e-04 2.555950e-03 
4 37 0 0 0 2.458198e-02 6.270568e-03 -7.706546e-03 3.853327e-04 -3.362195e-04 1.478418e-03 
5 46 0 0 0 2.121738e-02 -1.065319e-02 9.910485e-03 6.772730e-04 -7.615103e-04 1.667838e-03 
6 55 0 0 0 2.682422e-02 -6.430340e-03 -9.314928e-04 3.678691e-04 -1.407589e-04 -7.773197e-06 
7 64 0 0 0 2.974224e-02 1.580861e-03 3.672202e-03 2.264714e-04 -2.160367e-04 8.446282e-04 
8 73 0 0 0 2.532151e-02 1.516425e-03 1.192345e-02 4.437273e-04 1.987879e-04 -4.767085e-04 
9 82 0 0 0 2.557417e-02 4.585826e-03 -1.705375e-03 7.501468e-04 2.348359e-04 7.487008e-05 
10 91 0 0 0 3.137461e-02 -5.083709e-03 1.857738e-03 7.692049e-04 4.146676e-04 -7.410889e-04 
11 100 0 0 0 4.121973e-02 -4.668527e-03 -1.774967e-04 8.362274e-04 5.744274e-04 -1.413539e-03 
12 109 0 0 0 3.313063e-02 -7.758040e-03 1.036337e-02 1.081180e-03 7.274120e-04 -1.366751e-04 
13 118 0 0 0 4.532942e-02 -6.505248e-03 4.625359e-03 8.200247e-04 8.547245e-04 -4.806807e-05 
14 127 0 0 0 4.040842e-02 -8.850564e-03 1.314583e-02 7.116234e-04 6.447710e-04 -5.768854e-04 
15 136 0 0 0 4.039164e-02 -6.226973e-03 3.188396e-03 7.636943e-04 8.031076e-04 -7.694069e-04 
16 145 0 0 0 4.104754e-02 -5.017007e-03 7.277538e-03 6.328130e-04 7.987441e-04 -5.193051e-04 
17 154 0 0 0 4.276121e-02 -6.432238e-03 1.114901e-02 5.870290e-04 7.357929e-04 -4.192852e-04 
18 163 0 0 0 4.129159e-02 -7.192691e-03 5.949472e-03 7.837239e-04 6.238796e-04 -4.346487e-04 
19 172 0 0 0 4.252311e-02 -5.268731e-03 1.895410e-03 5.128693e-04 4.070803e-04 -4.862799e-04 
20 181 0 0 0 4.002736e-02 -4.982975e-03 4.118433e-03 7.270790e-04 5.030671e-04 -6.255946e-04 
21 190 0 0 0 3.801550e-02 -8.084211e-03 5.689736e-03 7.258793e-04 5.256424e-04 -8.504959e-04 
22 199 0 0 0 3.667729e-02 -6.195707e-03 2.991619e-03 8.483975e-04 4.345570e-04 -6.317925e-04 
23 208 0 0 0 3.688723e-02 -6.594182e-03 4.246395e-03 8.322651e-04 3.439306e-04 -6.694330e-04 
24 217 0 0 0 3.899734e-02 -6.048415e-03 2.950788e-03 7.849805e-04 2.352046e-04 -6.488675e-04 
25 226 0 0 0 4.142129e-02 -6.116420e-03 3.341550e-03 8.820848e-04 2.442202e-04 -5.223543e-04 
26 235 0 0 0 4.221094e-02 -7.475359e-03 4.207458e-03 7.769553e-04 3.006800e-04 -7.129691e-04 
27 244 0 0 0 4.299915e-02 -7.208872e-03 2.931580e-03 7.353764e-04 3.904261e-04 -7.249435e-04 
28 253 0 0 0 4.142521e-02 -6.076083e-03 3.007057e-03 6.665355e-04 3.376322e-04 -8.016470e-04 
29 262 0 0 0 4.159737e-02 -5.226923e-03 2.570980e-03 6.070826e-04 3.851778e-04 -8.089390e-04 
30 271 0 0 0 4.326504e-02 -5.278951e-03 1.811505e-03 5.757692e-04 3.056209e-04 -6.767331e-04 
31 280 0 0 0 4.301994e-02 -5.159892e-03 1.899772e-03 5.364056e-04 2.497191e-04 -6.871586e-04 
32 289 0 0 0 4.279109e-02 -4.659607e-03 9.217787e-04 4.882560e-04 2.159005e-04 -8.343464e-04 
33 298 0 0 0 4.405256e-02 -5.311065e-03 2.809633e-03 4.689957e-04 2.627957e-04 -5.792448e-04 
34 307 0 0 0 4.345929e-02 -4.137169e-03 1.588116e-03 4.376341e-04 2.361865e-04 -5.793889e-04 
35 316 0 0 0 4.348201e-02 -3.701272e-03 1.928500e-03 4.573196e-04 3.691781e-04 -5.533672e-04 
36 325 0 0 0 4.495758e-02 -4.190437e-03 2.413105e-03 5.042738e-04 3.699113e-04 -3.684858e-04 
37 334 0 0 0 4.323945e-02 -3.276321e-03 8.769620e-04 4.716150e-04 3.739644e-04 -2.734756e-04 
38 343 0 0 0 4.274976e-02 -3.364359e-03 1.068913e-03 4.535590e-04 3.568924e-04 -2.969461e-04 
39 352 0 0 0 4.060722e-02 -4.043024e-03 1.341525e-03 4.891872e-04 4.221896e-04 -4.430413e-04 
40 361 0 0 0 4.035862e-02 -3.907690e-03 2.206289e-03 4.200182e-04 3.439870e-04 -4.721798e-04 
41 370 0 0 0 3.747446e-02 -3.682623e-03 1.835863e-03 4.102461e-04 3.404599e-04 -5.618518e-04 
42 379 0 0 0 3.744967e-02 -4.171318e-03 2.445993e-03 5.026607e-04 3.636364e-04 -5.665168e-04 
43 388 0 0 0 3.821536e-02 -3.936730e-03 3.420056e-03 5.182633e-04 3.927052e-04 -3.495979e-04 
44 397 0 0 0 3.815419e-02 -3.928569e-03 1.710825e-03 5.134934e-04 4.035311e-04 -3.638793e-04 
45 406 0 0 0 3.685600e-02 -4.135888e-03 1.742792e-03 5.532306e-04 4.298919e-04 -4.765904e-04 
46 415 0 0 0 3.787774e-02 -4.296019e-03 2.770095e-03 5.651695e-04 4.757968e-04 -3.673883e-04 
47 424 0 0 0 3.781241e-02 -3.662612e-03 1.500700e-03 4.528592e-04 3.757190e-04 -5.171627e-04 
48 433 0 0 0 3.672751e-02 -3.722223e-03 1.551090e-03 5.251310e-04 3.755775e-04 -4.696131e-04 
49 442 0 0 0 3.576452e-02 -3.944526e-03 1.623534e-03 5.546180e-04 3.679384e-04 -4.477075e-04 
50 451 0 0 0 3.678100e-02 -4.043606e-03 1.695436e-03 5.465329e-04 4.147270e-04 -4.453217e-04 
51 460 0 0 0 3.556560e-02 -3.547692e-03 2.332220e-03 4.985181e-04 3.664640e-04 -4.545959e-04 
52 469 0 0 0 3.479962e-02 -3.084417e-03 1.136677e-03 4.634186e-04 2.848956e-04 -4.702161e-04 
53 478 0 0 0 3.414006e-02 -2.916318e-03 1.564247e-03 4.754076e-04 3.240417e-04 -4.894271e-04 
54 487 0 0 0 3.329908e-02 -3.047694e-03 2.204217e-03 5.035215e-04 3.645559e-04 -4.121542e-04 
55 496 0 0 0 3.178706e-02 -3.351702e-03 2.258937e-03 5.263731e-04 3.699407e-04 -3.780427e-04 
56 505 0 0 0 3.203897e-02 -3.542056e-03 2.129173e-03 5.275562e-04 3.807063e-04 -3.352731e-04 
57 514 0 0 0 3.218346e-02 -3.444275e-03 1.497751e-03 5.339695e-04 3.705382e-04 -3.973737e-04 
58 523 0 0 0 2.999426e-02 -3.243456e-03 1.408532e-03 5.873859e-04 3.936961e-04 -3.009891e-04 
59 532 0 0 0 2.908482e-02 -3.276693e-03 1.896028e-03 6.229186e-04 4.230403e-04 -3.056072e-04 
60 541 0 0 0 2.797901e-02 -3.270651e-03 2.136141e-03 6.380671e-04 4.180586e-04 -2.976813e-04 
61 550 0 0 0 2.736357e-02 -3.105709e-03 1.919009e-03 6.169420e-04 3.647854e-04 -3.103675e-04 
62 559 0 0 0 2.650618e-02 -2.783039e-03 1.888572e-03 5.912041e-04 3.343782e-04 -2.258130e-04 
63 568 0 0 0 2.464507e-02 -2.534918e-03 1.194654e-03 5.721292e-04 3.200548e-04 -2.610188e-04 
64 577 0 0 0 2.182625e-02 -2.584027e-03 1.330665e-03 6.011225e-04 3.382758e-04 -1.843853e-04 
65 586 0 0 0 2.139385e-02 -3.076696e-03 1.461924e-03 5.624422e-04 3.727884e-04 -2.234264e-04 
66 595 0 0 0 1.714853e-02 -2.132634e-03 1.553853e-03 5.798729e-04 3.616409e-04 -1.300072e-04 
67 604 0 0 0 1.491597e-02 -1.452004e-03 1.338355e-03 5.353797e-04 3.865390e-04 -2.115827e-04 
68 613 0 0 0 1.210142e-02 -1.248838e-03 1.203912e-03 5.734836e-04 3.761394e-04 -2.542382e-04 
69 622 0 0 0 1.795917e-02 -1.945092e-03 1.526634e-03 5.200701e-04 3.710987e-04 -3.060452e-04 
70 631 0 0 0 1.906968e-02 -2.251107e-03 2.129708e-03 5.589436e-04 3.775644e-04 -3.060739e-04 
71 640 0 0 0 1.873380e-02 -2.226855e-03 1.341235e-03 5.281580e-04 3.542231e-04 -3.515551e-04 
72 649 0 0 0 1.697821e-02 -2.359930e-03 1.167144e-03 5.320337e-04 3.706113e-04 -3.242937e-04 
73 658 0 0 0 1.620051e-02 -1.751106e-03 9.673727e-04 5.249664e-04 3.413277e-04 -2.764604e-04 
74 667 0 0 0 1.569639e-02 -1.503729e-03 7.700123e-04 5.231263e-04 2.998563e-04 -2.946763e-04 
75 676 0 0 0 1.673930e-02 -1.490030e-03 7.225986e-04 5.117886e-04 2.864793e-04 -2.996319e-04 
76 685 0 0 0 1.734174e-02 -1.589208e-03 7.474291e-04 5.046098e-04 2.909872e-04 -2.383681e-04 
77 694 0 0 0 1.626624e-02 -1.154320e-03 2.884475e-04 4.760718e-04 2.611222e-04 -2.065047e-04 
78 703 0 0 0 1.546791e-02 -9.482199e-04 5.618969e-04 4.670030e-04 2.523056e-04 -2.003561e-04 
79 712 0 0 0 1.683824e-02 -1.329866e-03 8.562122e-04 4.796127e-04 2.838176e-04 -2.229032e-04 
80 721 0 0 0 1.750445e-02 -1.142509e-03 8.907214e-04 4.764711e-04 2.936264e-04 -1.880111e-04 
81 730 0 0 0 1.699470e-02 -1.172991e-03 6.342371e-04 4.926385e-04 2.878295e-04 -1.869037e-04 
82 739 0 0 0 1.693704e-02 -9.839789e-04 3.756180e-04 4.787777e-04 2.657361e-04 -1.828455e-04 
83 748 0 0 0 1.723444e-02 -8.818255e-04 2.509638e-04 4.421663e-04 2.647762e-04 -2.173812e-04 
84 757 0 0 0 1.706194e-02 -7.494085e-04 9.157683e-05 4.422684e-04 2.546640e-04 -1.882742e-04 
85 766 0 0 0 1.752011e-02 -5.842785e-04 -7.479932e-05 4.207253e-04 2.415956e-04 -1.836711e-04 
86 775 0 0 0 1.715801e-02 -6.204547e-04 -9.315452e-05 4.093050e-04 2.449532e-04 -1.862740e-04 
87 784 0 0 0 1.646377e-02 -5.297316e-04 1.901935e-05 4.192487e-04 2.273335e-04 -1.560064e-04 
88 793 0 0 0 1.574268e-02 -6.185647e-04 1.754407e-04 4.315309e-04 2.380260e-04 -1.718260e-04 
89 802 0 0 0 1.582329e-02 -6.497184e-04 1.906962e-04 4.227216e-04 2.184120e-04 -1.924136e-04 
90 811 0 0 0 1.598777e-02 -6.931789e-04 1.310458e-04 4.133861e-04 2.085123e-04 -2.005799e-04 
91 820 0 0 0 1.535048e-02 -8.199066e-04 2.531229e-04 4.383884e-04 2.274695e-04 -2.313892e-04 
92 829 0 0 0 1.513332e-02 -7.749729e-04 3.750890e-04 4.315259e-04 2.364550e-04 -2.016416e-04 
93 838 0 0 0 1.513763e-02 -5.978143e-04 8.532169e-05 4.270051e-04 2.262088e-04 -1.946122e-04 
94 847 0 0 0 1.499174e-02 -6.170568e-04 1.781900e-04 4.286272e-04 2.361937e-04 -1.976348e-04 
95 856 0 0 0 1.525350e-02 -6.404664e-04 1.348181e-04 4.270771e-04 2.299901e-04 -2.099683e-04 
96 865 0 0 0 1.514440e-02 -5.741779e-04 1.370162e-04 4.262381e-04 2.316586e-04 -1.969897e-04 
97 874 0 0 0 1.496387e-02 -5.132705e-04 1.082033e-04 4.213472e-04 2.222168e-04 -1.932250e-04 
98 883 0 0 0 1.495513e-02 -5.218789e-04 9.978142e-05 4.186665e-04 2.173313e-04 -1.927894e-04 
99 892 0 0 0 1.495250e-02 -5.486011e-04 9.684129e-05 4.197045e-04 2.197457e-04 -1.949530e-04 
100 901 0 0 0 1.493676e-02 -5.397017e-04 3.961747e-05 4.215860e-04 2.172181e-04 -1.935531e-04 
101 910 0 0 0 1.504900e-02 -5.496805e-04 3.114976e-05 4.164566e-04 2.127292e-04 -1.947501e-04 
102 919 0 0 0 1.534958e-02 -5.662865e-04 6.963001e-06 4.161823e-04 2.153663e-04 -1.951647e-04 
103 928 0 0 0 1.518820e-02 -5.495430e-04 1.005286e-05 4.159940e-04 2.138921e-04 -1.889981e-04 
104 937 0 0 0 1.502297e-02 -5.465524e-04 4.491365e-05 4.208319e-04 2.191166e-04 -1.829151e-04 
105 946 0 0 0 1.508952e-02 -5.315493e-04 2.198182e-05 4.179535e-04 2.134237e-04 -1.839626e-04 
106 955 0 0 0 1.512591e-02 -5.502185e-04 2.146457e-05 4.182602e-04 2.126722e-04 -1.848243e-04 
107 964 0 0 0 1.509246e-02 -5.569544e-04 5.270354e-05 4.209394e-04 2.144805e-04 -1.842036e-04 
108 973 0 0 0 1.509812e-02 -5.563391e-04 2.828756e-05 4.210544e-04 2.133614e-04 -1.857702e-04 
109 982 0 0 0 1.506289e-02 -5.640788e-04 4.432999e-05 4.211770e-04 2.162829e-04 -1.872726e-04 
110 991 0 0 0 1.496604e-02 -5.688289e-04 5.325293e-05 4.222859e-04 2.170240e-04 -1.872699e-04 
111 1000 0 0 0 1.500045e-02 -5.583280e-04 4.988712e-05 4.207170e-04 2.171332e-04 -1.870968e-04 
112 1009 0 0 0 1.503929e-02 -5.532759e-04 3.451303e-05 4.196614e-04 2.161412e-04 -1.869266e-04 
113 1018 0 0 0 1.500408e-02 -5.369901e-04 1.877602e-05 4.185203e-04 2.142915e-04 -1.846277e-04 
114 1027 0 0 0 1.500342e-02 -5.331156e-04 2.288397e-05 4.178387e-04 2.141695e-04 -1.856284e-04 
115 1036 0 0 0 1.506536e-02 -5.374782e-04 1.974815e-05 4.174125e-04 2.136805e-04 -1.867303e-04 
116 1045 0 0 0 1.507858e-02 -5.444746e-04 2.446664e-05 4.180869e-04 2.140454e-04 -1.871635e-04 
117 1054 0 0 0 1.508416e-02 -5.498717e-04 2.612110e-05 4.183716e-04 2.138767e-04 -1.875696e-04 
118 1063 0 0 0 1.504363e-02 -5.454324e-04 2.229701e-05 4.182719e-04 2.141561e-04 -1.866957e-04 
119 1072 0 0 0 1.503797e-02 -5.439879e-04 2.013194e-05 4.180300e-04 2.137880e-04 -1.869198e-04 
120 1081 0 0 0 1.504145e-02 -5.425610e-04 2.334981e-05 4.181651e-04 2.138767e-04 -1.874148e-04 
121 1090 0 0 0 1.504495e-02 -5.377210e-04 2.242454e-05 4.180896e-04 2.136648e-04 -1.869632e-04 
122 1099 0 0 0 1.503042e-02 -5.343284e-04 1.661341e-05 4.178258e-04 2.133579e-04 -1.869703e-04 
123 1108 0 0 0 1.502531e-02 -5.365412e-04 1.734078e-05 4.179895e-04 2.136328e-04 -1.872253e-04 
124 1117 0 0 0 1.502921e-02 -5.373113e-04 1.306363e-05 4.177702e-04 2.133630e-04 -1.870793e-04 
125 1126 0 0 0 1.501249e-02 -5.370866e-04 1.286541e-05 4.180245e-04 2.135144e-04 -1.871547e-04 
126 1135 0 0 0 1.503201e-02 -5.398871e-04 1.695184e-05 4.181824e-04 2.136471e-04 -1.869195e-04 
