30
-0.442480 0.597783 0.292599
-0.439488 0.316540 -0.182823
0.238512 0.054387 -0.348719
0.145233 -0.115054 -0.496802
0.105208 -0.508553 -0.387024
0.324069 -0.481926 0.440866
0.171529 0.013503 0.474601
0.902016 -0.266052 0.017080
0.772238 -0.213990 0.070361
0.741344 0.030494 0.016124
0.429707 0.365352 -0.022943
-0.014724 0.325972 -0.013468
-0.192901 0.384958 0.013216
-0.706471 0.268429 0.111556
-0.678333 0.561665 0.109999
-0.567157 -0.232217 0.021410
-0.322910 -0.389907 -0.040800
-0.631336 0.160108 0.049434
0.018023 -0.621529 0.445734
-0.383072 -0.601628 0.354809
-0.469932 -0.627885 -0.075237
-0.162953 -0.606230 -0.375674
-0.416428 0.260356 0.446057
-0.239268 0.501602 -0.043461
0.126249 0.698606 -0.210603
0.127854 0.952525 -0.355151
-0.384280 0.620212 -0.071795
-0.515864 0.501142 -0.150608
-0.415666 0.635270 -0.628993
-0.393982 0.891646 -0.712420
