1889
-0.141370 0.390572 -0.097810
-0.237453 0.416683 -0.092504
-0.501757 0.634937 0.289694
0.224065 0.448389 0.083767
0.029493 0.398470 -0.035939
-0.027056 0.382028 -0.037275
0.633995 0.272982 0.140236
0.669719 0.250358 0.006735
-0.001944 0.241499 0.283054
0.563518 0.362101 0.079494
-0.439847 0.672219 -0.293633
0.688814 0.215138 0.082926
0.751521 0.085425 -0.050255
-0.125267 0.881938 -0.189292
-0.597049 0.491292 0.415534
-0.479755 0.371925 0.451934
0.350146 0.458855 0.006682
0.695531 0.207991 -0.054236
0.669017 0.126552 -0.231509
-0.714262 0.479640 0.111345
-0.629036 0.203008 0.196750
-0.510649 0.688695 0.024666
-0.646070 0.646906 0.180418
0.299944 0.393546 0.213226
0.360496 0.394430 0.208712
-0.097539 0.377831 -0.096144
-0.291022 0.557812 0.030434
-0.543112 0.495418 0.420520
0.233230 0.436407 0.140484
-0.229194 0.374765 0.159340
-0.575581 0.007286 -0.207382
0.494169 0.406335 0.075353
-0.695798 0.331564 -0.078325
0.696839 0.138117 -0.176866
-0.687829 0.262293 -0.071349
-0.115477 0.922069 -0.211160
-0.556855 0.565549 0.367049
0.050835 0.259657 0.290296
-0.004771 0.938374 -0.401449
-0.176062 0.813575 -0.290102
-0.098818 0.388203 -0.038726
0.360036 0.423831 0.166857
-0.224352 0.432192 0.032174
-0.029854 0.370203 -0.100175
0.421716 0.386991 0.194876
0.473319 0.377956 0.181798
-0.183850 0.814902 -0.126615
-0.690511 0.392390 -0.085226
-0.319316 0.558393 0.155501
0.735978 0.122570 0.061033
0.732067 0.138892 -0.052535
0.724437 0.089325 0.153670
-0.374650 0.685559 0.024887
-0.011818 0.711984 -0.200104
-0.470943 0.594226 0.325115
-0.495308 0.563992 0.360676
-0.464216 -0.290539 0.147978
-0.543236 0.434752 0.449290
-0.457550 0.730182 -0.358570
-0.516441 0.676102 -0.102606
-0.716483 0.289646 0.328971
-0.435624 0.690512 0.026395
0.570579 0.336412 0.144079
0.685943 0.059707 -0.237875
-0.517617 0.762267 -0.322401
0.171911 0.383328 0.216257
0.574597 0.089929 0.340996
0.073160 0.763614 -0.311542
-0.248467 0.809862 -0.116019
-0.599954 0.831074 -0.548394
-0.653247 0.132840 -0.043470
0.665681 0.253648 0.073052
0.625701 0.143679 0.267053
-0.545621 0.598885 0.336219
-0.191628 0.854228 -0.145979
-0.637826 0.203347 -0.082761
0.758741 0.021390 0.092374
0.434312 0.430440 0.085969
0.287720 -0.505295 0.416300
0.346080 -0.493088 0.398780
0.100472 0.408893 -0.101619
-0.320020 0.688453 -0.019491
-0.131159 0.922598 -0.255136
0.686231 0.203665 -0.114642
-0.721916 0.354493 0.247954
0.764398 0.017133 0.017568
-0.070651 0.947030 -0.260845
-0.515724 0.598808 0.336303
-0.354133 0.426350 0.289978
0.741365 0.065882 0.128521
0.164469 0.441269 0.019217
0.106359 0.426414 0.019732
-0.515374 0.681324 -0.030990
0.161973 0.413662 0.162436
-0.438912 0.672494 0.221306
-0.503880 0.670309 0.223233
0.493116 0.339206 0.213414
-0.195479 0.872375 -0.184774
-0.243574 0.846223 -0.191390
-0.309404 -0.534766 0.422465
-0.245823 -0.524897 0.424407
-0.583466 0.722798 -0.286645
-0.513222 0.744884 -0.284458
0.696643 0.209300 0.012384
0.711338 0.075418 -0.192442
-0.266337 0.775178 -0.087737
-0.193925 0.754514 -0.113925
-0.100023 -0.532244 0.396718
-0.529117 0.782315 -0.368372
0.019593 0.009071 0.429304
-0.697468 0.475856 -0.017591
0.111973 0.402322 0.148735
-0.160400 0.880224 -0.282132
-0.676041 0.008775 0.002068
-0.459182 0.673707 -0.227503
-0.509532 0.477976 -0.202047
-0.578063 0.772036 -0.368766
0.591210 0.303216 0.172964
0.703150 0.145926 0.148494
0.113353 0.254439 0.308498
-0.471740 0.305371 0.452893
0.435815 0.274905 0.272526
-0.159277 0.856925 -0.147180
-0.433557 0.274428 -0.214317
-0.553827 0.766721 -0.631841
-0.724231 0.568729 0.149305
0.372352 0.274544 0.286158
0.608232 0.116102 -0.291963
0.713313 0.152636 -0.125456
0.308828 0.272289 0.308896
-0.438742 0.622900 0.281479
-0.485294 0.436498 0.422526
0.100843 0.420136 -0.041049
0.285532 0.456245 -0.048937
-0.414564 0.650868 0.253432
0.642492 0.283966 0.080006
0.540287 -0.511295 0.320181
0.444379 0.082388 0.407106
0.177306 0.269967 0.312235
0.718564 0.153954 0.079967
0.723826 0.156693 0.011209
-0.570094 0.210232 -0.149851
-0.589639 0.474755 -0.171336
0.348566 0.171947 -0.350627
0.356226 0.453603 0.077915
0.291340 0.456380 0.074964
0.225978 0.452702 0.013778
-0.157392 0.380844 0.097094
0.044867 0.369881 0.152127
-0.447092 0.682268 -0.032860
-0.237084 0.438624 0.096443
-0.257932 -0.486090 0.405785
0.222497 0.448005 -0.049090
-0.701708 0.489428 0.171176
0.155615 0.362199 -0.231502
-0.179197 -0.540430 0.406263
-0.490497 0.890251 -0.765218
-0.090121 0.372325 0.098571
-0.635004 0.626612 0.236457
-0.683544 0.014108 0.073988
-0.099047 0.357096 -0.157541
-0.640734 0.139364 -0.073094
-0.260256 0.692120 -0.046271
0.485610 0.393885 0.136352
-0.010776 0.306144 0.218029
0.041306 0.321439 0.231125
0.063982 0.297515 0.266103
-0.537492 0.304022 0.451679
0.409022 -0.502829 0.387661
-0.332561 0.728236 -0.058428
-0.263819 0.748816 -0.070026
-0.368117 0.683990 0.084377
0.604950 0.327741 0.065525
0.667750 0.187340 -0.173837
-0.622336 0.475406 -0.141864
-0.543149 0.369927 0.456168
0.627612 0.188161 -0.241294
0.765493 0.013906 -0.046693
-0.490057 0.009714 -0.264348
-0.545286 0.001962 -0.236509
-0.385764 0.692868 -0.035277
-0.441653 0.659258 -0.107609
-0.549416 0.054501 0.296879
-0.680207 0.463959 -0.078491
-0.176043 -0.490464 0.387517
-0.121198 -0.462571 0.358022
-0.469616 0.718292 -0.294003
-0.024750 -0.527739 0.467676
0.026404 -0.453940 0.460907
0.026987 -0.513483 0.492236
0.082482 -0.443626 0.466748
0.160338 -0.457635 0.450864
0.208597 -0.469724 0.437720
0.275142 -0.459556 0.412049
0.413824 -0.434952 0.398884
0.494887 0.263057 0.264014
0.108186 0.422688 0.076370
-0.311015 0.571588 0.094590
-0.470522 0.840225 -0.707064
-0.166636 0.857254 -0.287906
-0.298769 0.440971 0.228186
-0.438079 0.450035 0.356012
-0.718817 0.280620 0.187470
0.757661 0.009620 -0.110522
0.243594 0.273540 0.313762
-0.251284 0.742151 -0.236865
-0.199680 0.737818 -0.268840
-0.261754 -0.208709 0.329127
-0.150085 0.011666 -0.355908
-0.473076 0.507036 0.376237
-0.532373 0.769131 -0.689157
0.241275 0.388928 0.221219
-0.173198 0.396718 -0.094553
-0.548698 0.624681 0.299471
-0.518097 0.721798 -0.230854
-0.319862 -0.488081 0.394901
0.032641 0.387007 -0.100186
0.220422 -0.432781 0.422200
0.344011 -0.446183 0.406422
-0.601432 0.617484 0.284425
-0.606313 0.432536 0.438967
0.284013 0.168504 -0.356365
-0.544130 -0.054156 -0.236482
-0.482222 -0.056158 -0.270271
-0.482589 0.708022 -0.242546
0.050042 0.011393 0.462956
0.256506 0.130469 0.415682
0.775948 -0.176227 0.143320
-0.254391 -0.452193 0.358880
-0.193974 -0.456029 0.360421
-0.502830 0.684027 -0.160372
-0.710520 0.618526 0.117861
-0.503170 0.689779 0.152330
-0.569227 0.679035 0.157895
0.200632 0.125141 0.418454
0.578692 0.291255 -0.194788
-0.717324 0.278545 0.259350
-0.042860 -0.464503 0.413723
-0.088265 0.259245 0.249787
-0.284753 0.255735 0.260932
0.742110 -0.055719 -0.165163
0.044574 0.393376 0.091642
0.656469 -0.454411 0.208379
-0.249316 0.677225 -0.220798
-0.081894 0.879364 -0.346228
0.550549 -0.015106 -0.370029
-0.069625 0.000456 -0.373071
-0.715895 0.612602 0.032825
0.682836 0.200850 0.139551
0.352141 0.442420 0.128751
-0.026755 0.022633 -0.396503
0.011652 -0.432572 0.434700
0.150305 -0.421336 0.426455
0.279541 -0.422595 0.430248
0.352113 -0.414761 0.438884
0.391742 -0.417486 0.428254
-0.367949 0.636439 0.220103
-0.503802 0.497427 0.407075
-0.601705 0.004269 -0.177693
0.712682 -0.430480 0.217343
-0.050088 0.981276 -0.280270
-0.025960 0.984762 -0.283492
0.296814 0.441130 0.136990
-0.429883 0.612971 -0.166275
-0.324928 -0.462063 0.352388
-0.070102 -0.445171 0.361814
0.102050 -0.417243 0.430543
0.219313 -0.372457 0.458227
0.279260 -0.377096 0.467171
0.340710 -0.370745 0.465113
0.406994 -0.369301 0.445253
0.745102 0.073692 -0.113630
-0.681878 0.198073 0.062657
-0.690005 0.560958 0.236899
0.749095 0.078681 0.078643
0.740162 0.120420 0.012621
-0.458234 0.655041 -0.161406
-0.247678 -0.434626 0.321687
-0.049328 -0.395607 0.327253
-0.145228 0.396978 0.035954
0.186961 0.142904 0.368665
-0.182102 0.404662 0.017213
-0.526971 0.703417 -0.186950
0.023398 -0.406731 0.391359
0.081968 -0.383919 0.397380
0.128907 -0.396380 0.419060
0.151297 -0.369934 0.442693
-0.432450 0.611601 -0.225677
-0.716024 0.337525 -0.035920
-0.016247 -0.000715 -0.449353
-0.550268 0.827113 -0.703978
-0.386822 0.544703 -0.162348
-0.747274 0.341114 0.130175
0.619718 0.259479 -0.177263
-0.292733 0.494553 0.155013
0.175057 0.356242 0.250174
-0.432211 0.662732 -0.410949
-0.651757 0.144427 0.126479
-0.698514 0.502355 0.237994
-0.024420 0.367566 0.093061
0.669139 -0.370181 0.240699
0.732453 -0.370748 0.229683
0.783061 -0.353858 0.223517
-0.163526 0.295742 0.221844
-0.458315 0.652670 -0.550331
0.580421 0.154096 0.299738
-0.074382 0.937431 -0.330039
-0.528031 0.037646 0.319090
0.407918 0.443123 0.068421
0.120626 0.130293 0.362701
0.161550 0.437973 0.080679
-0.245217 -0.408632 0.280859
-0.189287 -0.396805 0.326682
-0.133754 -0.389252 0.339053
0.015026 -0.383340 0.332495
0.734483 0.057964 -0.157747
-0.603881 0.236145 0.386309
-0.724512 0.267243 -0.001352
0.221745 0.363945 0.250598
0.415015 0.442272 0.002857
0.062568 0.760647 -0.260437
-0.593266 0.604912 -0.159169
-0.672884 0.335203 -0.122790
0.428646 0.414514 0.146007
-0.151939 0.362846 0.142800
-0.150895 0.337830 0.180586
-0.080430 0.330186 0.178063
0.107733 0.371184 0.204365
-0.351133 0.296973 0.300991
-0.445344 0.728288 -0.418996
-0.612479 0.545514 0.359131
0.655193 0.150119 0.228336
0.606208 0.275320 0.184697
-0.089387 0.301531 0.213565
-0.386137 0.674666 0.202404
-0.211730 -0.384426 0.307699
-0.392337 0.688922 -0.106026
0.079146 -0.320711 0.399713
-0.611614 0.367792 0.434307
-0.226630 0.256721 0.257194
0.101114 0.942323 -0.465590
0.636853 0.005360 -0.317688
-0.682623 0.082743 0.069721
0.538427 0.381479 0.070693
-0.676714 0.078435 0.000088
-0.446370 0.690988 0.149860
-0.581906 0.655699 -0.098460
-0.367631 0.679680 0.146254
-0.026488 0.383410 0.025421
-0.570559 0.685176 0.096209
-0.599550 0.770901 -0.557445
-0.564133 0.071960 -0.205113
0.142417 -0.301551 0.459473
0.198995 -0.313687 0.474760
0.270977 -0.307540 0.480695
0.340921 -0.315211 0.473103
0.402320 -0.300611 0.460529
0.711317 -0.065586 -0.229417
0.722937 -0.303197 0.222252
-0.550147 0.525905 0.400848
-0.094742 0.309010 -0.227354
0.085916 0.009699 0.484648
-0.567156 0.707461 -0.226135
-0.438146 0.694588 0.092041
-0.563341 0.663378 0.219201
0.168080 0.430225 0.128556
0.558327 0.250351 -0.251125
-0.181506 -0.320964 0.330286
-0.130664 -0.332593 0.344603
-0.061829 -0.325581 0.325574
0.009808 -0.321161 0.317575
-0.001524 0.360128 0.132732
-0.635803 0.666852 0.096695
0.158235 0.424192 -0.107690
0.481036 0.415768 0.006744
-0.195960 0.872886 -0.242783
-0.031202 0.269471 0.248857
0.060242 0.356731 0.196525
-0.524802 0.708202 -0.684209
-0.305742 0.631978 0.024141
0.102697 0.341154 0.241306
0.799529 -0.293720 0.213974
-0.536749 -0.251762 0.081935
0.116080 0.874732 -0.448891
-0.009767 1.000000 -0.328952
-0.533296 -0.027068 0.321747
-0.284009 -0.418504 0.042028
0.024207 0.397904 0.033069
-0.627797 0.660284 0.159495
0.024795 0.361962 -0.163324
-0.033891 0.348451 -0.163702
-0.111454 0.921352 -0.301890
0.227596 -0.288137 0.491463
0.296106 -0.281596 0.490279
0.337846 -0.281342 0.489146
-0.283851 0.301645 0.244585
0.288845 0.460601 0.013151
0.752346 0.080801 0.019338
-0.678840 0.202478 -0.005600
-0.515264 0.541574 -0.281662
-0.596971 0.032474 0.256163
-0.021806 0.338482 0.167196
-0.326619 0.636205 0.137798
-0.593199 0.064457 -0.175360
0.369063 0.356027 0.243405
0.303215 0.328819 0.275735
-0.736835 0.278134 0.122637
-0.165230 0.255299 0.258187
-0.634906 0.664852 0.032868
-0.444033 0.653152 -0.485587
-0.244530 0.348207 -0.217880
-0.001270 0.748038 -0.198535
-0.490457 0.831406 -0.640197
-0.571757 0.682710 0.031716
-0.458810 0.590281 -0.411974
-0.328307 -0.337470 0.146786
-0.093974 0.353397 0.145755
-0.641238 0.650103 -0.024658
-0.273631 0.452413 0.182221
0.348669 0.453980 -0.056233
0.139082 -0.243621 0.471225
0.212104 -0.232774 0.492718
0.271401 -0.240688 0.497411
0.337375 -0.234405 0.495851
0.384259 -0.223825 0.482188
0.119499 0.309523 0.273951
0.240651 0.327495 0.281791
0.180102 0.321672 0.278882
-0.274856 -0.358658 0.141422
-0.670342 0.087232 0.134728
-0.089807 0.079985 -0.356300
0.752633 -0.273552 0.201539
0.858540 -0.294572 0.186113
0.711262 -0.005006 -0.236662
-0.326792 -0.305300 0.209494
-0.270669 -0.334833 0.204730
-0.256259 0.478439 0.031500
0.321551 0.125737 0.412270
0.431439 0.350115 0.227613
-0.186000 -0.267548 0.331307
-0.121710 -0.262075 0.353335
-0.054455 -0.261873 0.331796
0.010105 -0.257140 0.327998
-0.691223 0.615792 0.168628
-0.444547 0.541028 -0.220876
0.300618 0.361303 0.246134
-0.619686 0.509121 0.385258
0.236755 0.417735 0.180775
0.641066 0.217016 -0.195296
0.507904 0.294996 0.237427
-0.175682 0.749079 -0.283953
-0.266141 -0.273407 0.280302
0.537252 0.382871 0.002395
-0.228786 0.429712 -0.029637
-0.573415 0.666563 -0.160477
-0.563622 0.664321 -0.422776
-0.627206 0.079020 -0.130237
-0.609196 0.839546 -0.621965
0.363367 0.320525 0.266459
0.001204 0.997050 -0.387592
-0.231071 0.325567 0.186219
-0.300549 0.336136 -0.213801
0.483604 0.173884 -0.322305
-0.744519 0.338808 0.060301
0.738869 -0.229796 0.186781
0.794591 -0.230087 0.179571
0.858885 -0.237486 0.175780
-0.269716 0.818974 -0.177509
-0.660145 0.013160 -0.055761
-0.602844 0.717931 -0.416054
-0.172238 0.376704 -0.161599
0.005420 -0.125503 0.385673
-0.373543 0.148737 -0.295818
-0.543277 0.196122 -0.179303
-0.423474 -0.049021 -0.293799
-0.086046 -0.045658 -0.379601
0.337985 -0.173474 0.489286
0.415734 -0.239330 0.464871
0.731355 0.112653 -0.115369
-0.511220 0.692925 0.097020
-0.329190 -0.210793 0.326076
-0.496325 0.204758 -0.207614
-0.358741 -0.054039 -0.318512
-0.210561 -0.053303 -0.335379
-0.224679 -0.251964 0.313395
0.293619 0.419211 0.178402
0.523728 0.365810 0.159550
-0.232217 0.295639 0.218976
-0.727141 0.544754 0.102064
-0.716446 0.554141 0.167193
-0.282250 0.565370 -0.027208
-0.592334 0.663951 -0.285181
-0.662450 0.136739 0.001273
-0.637335 0.409700 -0.142544
-0.156176 0.150414 -0.329949
-0.626309 0.272732 -0.139168
0.147957 -0.047106 -0.516750
0.172384 -0.022075 -0.506579
-0.365808 0.200947 -0.282567
0.405606 0.169008 -0.343591
0.219460 0.155149 -0.369645
-0.141320 -0.192473 0.356357
-0.061911 -0.188717 0.342353
0.005218 -0.195537 0.340839
0.088482 0.408222 0.108952
0.053632 0.409883 0.007975
0.142300 -0.188703 0.480283
0.203019 -0.171561 0.496185
0.271116 -0.163948 0.506669
0.392034 -0.156158 0.481528
0.412664 -0.177988 0.472406
-0.107831 0.666446 -0.170079
0.748697 0.021158 0.133503
-0.376934 0.345856 -0.200290
0.035370 0.164573 -0.358294
-0.146783 -0.048672 -0.349158
-0.614176 0.215845 -0.118917
-0.171941 0.674622 -0.237894
0.234883 -0.027913 -0.499084
0.354070 0.105042 -0.369216
-0.202916 -0.205896 0.344192
-0.580016 0.644481 0.252922
0.432234 0.313625 0.250895
-0.554124 0.138380 -0.192416
-0.684441 0.498662 0.309758
-0.505172 0.408304 -0.207297
0.741076 -0.167811 0.181591
0.842253 -0.185872 0.144633
-0.717926 0.357587 0.318680
0.406726 0.434039 0.119046
-0.503985 0.345454 -0.206354
-0.499788 0.274183 -0.198174
-0.511713 0.138729 -0.222803
-0.479230 0.704904 -0.748579
0.785095 -0.157722 0.101949
-0.330294 0.667975 0.027570
0.148736 -0.155862 0.487966
-0.169976 0.283474 -0.264052
-0.041165 -0.049246 -0.462114
0.121616 0.824770 -0.389746
-0.247333 0.806368 -0.231058
-0.314793 0.744480 -0.179249
-0.547170 0.892914 -0.753114
-0.473331 0.789293 -0.566360
0.159160 0.435653 -0.043181
0.282093 -0.035349 -0.487002
-0.061680 0.808269 -0.341102
-0.325404 0.673855 -0.176267
-0.567382 0.411411 -0.187877
-0.521977 -0.218023 0.206092
0.160588 0.157134 -0.371134
-0.314986 0.613183 -0.163458
0.040728 0.996798 -0.398505
0.081329 -0.181197 0.455517
-0.594728 0.318132 0.425497
-0.433419 0.607625 -0.290479
-0.615756 0.158940 0.196784
0.108397 0.775567 -0.359838
0.252477 0.150352 0.361852
-0.384616 -0.261802 0.260414
-0.284118 -0.059954 -0.330435
-0.272148 -0.165548 0.356786
-0.202872 -0.144755 0.357478
0.060116 -0.122909 0.463664
0.138081 -0.113577 0.496006
0.204038 -0.107209 0.506419
0.268660 -0.103082 0.513260
0.337066 -0.098573 0.490341
0.391779 -0.099041 0.479095
-0.053063 0.698682 -0.180612
-0.467584 0.767996 -0.760907
-0.687461 0.549272 -0.019345
-0.454100 0.720525 -0.640560
0.658233 0.242303 -0.120212
-0.555279 0.543054 -0.213740
-0.041815 0.989107 -0.309920
-0.573680 -0.221036 0.084389
-0.395842 -0.148913 0.348767
-0.334821 -0.153697 0.362519
-0.266692 -0.128626 0.371856
-0.224421 -0.131497 0.369871
-0.149844 -0.123589 0.362589
-0.127708 -0.143252 0.358715
-0.064260 -0.130408 0.344341
-0.457399 0.715472 -0.704214
0.674865 -0.005466 -0.284457
-0.376404 -0.539941 0.359079
-0.312343 0.308880 -0.233975
-0.569505 0.728180 -0.529282
-0.275116 0.515434 -0.033993
-0.297704 0.793814 -0.162781
-0.541636 0.710470 -0.615152
0.534958 0.373977 0.122302
0.091795 -0.097753 0.491019
-0.031715 0.314892 -0.225278
-0.430930 0.666608 -0.355777
-0.608844 0.202755 0.248491
-0.521968 0.651229 -0.674625
-0.446860 0.725866 -0.560924
-0.674700 0.233983 0.185235
-0.321920 -0.116623 0.376450
-0.025879 -0.109222 0.348791
-0.435815 -0.025624 0.374005
-0.730291 0.418751 0.056212
-0.672129 0.208783 0.127021
-0.275597 0.517969 0.029246
-0.125957 0.871845 -0.315438
-0.681214 0.645416 0.038334
-0.554394 0.096713 0.282245
-0.738219 0.273905 0.063824
-0.637515 0.171440 0.148611
0.071704 -0.055335 0.493608
0.137076 -0.051139 0.502287
0.201435 -0.047728 0.504279
0.265539 -0.045167 0.499384
0.334778 -0.047378 0.489316
0.384815 -0.032555 0.474573
0.406598 -0.050353 0.464246
-0.175616 0.344334 -0.218138
-0.729902 0.338908 -0.006015
-0.205902 0.384167 0.100348
-0.615878 0.134598 -0.124915
-0.417191 -0.099441 0.366184
-0.393323 -0.066351 0.379908
-0.334410 -0.075316 0.378149
-0.265291 -0.075514 0.382694
-0.208436 -0.066929 0.372805
-0.162603 -0.084971 0.354727
-0.141787 -0.062822 0.361011
-0.098847 -0.065397 0.363194
-0.053194 -0.065875 0.347317
-0.676641 0.650234 0.097370
0.020305 0.287044 0.252335
-0.540008 0.228689 0.392247
-0.579248 0.603368 -0.212521
-0.585138 0.718355 -0.481805
-0.012896 -0.057311 0.390032
-0.656550 0.081655 -0.060625
0.520459 -0.035755 0.413627
-0.614271 0.534143 -0.142883
0.341019 0.371808 -0.238693
0.453584 -0.035438 0.442971
-0.440419 0.717449 -0.485740
-0.611919 0.653957 0.205998
0.220673 0.436106 -0.113396
0.129772 0.015557 0.491256
0.198364 0.012620 0.493929
0.262441 0.017138 0.489381
0.326318 0.024581 0.480448
0.383627 0.014378 0.471154
0.159667 0.025153 -0.481804
0.604168 0.320810 0.117636
-0.571493 0.673672 -0.026607
0.530965 0.299267 -0.225547
-0.402416 -0.016862 0.385376
-0.341746 -0.013907 0.385161
-0.277445 -0.010801 0.385029
-0.208618 -0.009913 0.373622
-0.144158 -0.012842 0.358250
-0.066056 0.000340 0.360712
-0.009777 -0.002033 0.387815
0.453665 0.023808 0.427428
0.512407 0.013497 0.398525
-0.461072 -0.084832 0.350858
-0.057830 -0.029395 -0.415311
-0.030229 0.941466 -0.286787
-0.587352 0.093650 0.253096
-0.734382 0.408895 0.115841
-0.584930 0.664976 -0.345969
0.411887 0.438421 -0.059984
0.404839 0.040084 0.454385
-0.556222 0.709587 -0.548627
-0.091647 0.196927 -0.316863
-0.336432 0.638702 0.164376
-0.478395 -0.021658 0.353565
-0.166607 0.005683 0.352822
0.512920 0.041301 0.388339
0.548233 0.324897 -0.177842
0.567440 0.361040 0.022444
0.195382 0.067166 0.479172
0.220100 0.302345 -0.290692
-0.674822 0.231558 0.253440
-0.478299 0.037375 0.350914
-0.399379 0.039270 0.373923
-0.339535 0.051547 0.378255
-0.265503 0.049965 0.371498
-0.211860 0.049887 0.362776
-0.158271 0.056454 0.348789
-0.117637 0.049063 0.358043
-0.069885 0.065019 0.365036
0.004418 0.065909 0.369446
0.139955 0.063361 0.475627
0.257397 0.070134 0.475167
0.307404 0.073020 0.466381
0.329084 0.093252 0.446987
0.387557 0.085290 0.427995
0.519704 0.084142 0.373745
-0.541066 0.847963 -0.631556
-0.097987 0.830289 -0.229277
-0.328890 0.758966 -0.109406
-0.676245 0.018518 0.136571
-0.463297 0.829305 -0.770117
-0.219731 0.142399 -0.327704
-0.426383 0.054637 0.357985
-0.088248 0.388091 0.028327
0.125335 0.094966 0.435924
0.184884 0.097387 0.452634
0.256612 0.103725 0.451754
0.463002 0.102732 0.382508
-0.668689 0.135183 0.065523
-0.455653 -0.151205 0.324361
0.646739 0.077456 -0.268354
0.679767 0.150140 0.191446
-0.317811 0.634885 0.088042
-0.706120 0.428814 0.244307
-0.527360 0.568482 -0.411695
-0.213871 0.008401 -0.342720
-0.173443 0.404697 -0.029427
-0.478208 0.105442 0.328675
-0.416381 0.107661 0.346832
-0.347312 0.089232 0.359359
-0.282964 0.092363 0.359630
-0.218786 0.095184 0.356459
-0.154840 0.121993 0.333597
-0.062126 0.110191 0.352920
0.005881 0.124498 0.353620
0.056747 0.128569 0.357154
0.366494 0.127253 0.393153
0.380799 0.156384 0.371349
0.448660 0.147717 0.371991
0.506870 0.149830 0.349758
-0.446574 0.413471 -0.207700
-0.563997 0.601420 -0.471268
-0.733498 0.350372 0.184964
-0.469750 0.784542 -0.793403
-0.598022 0.731859 -0.347639
-0.330481 -0.273027 0.264375
0.669127 0.246731 -0.045237
-0.278237 0.006659 -0.336260
-0.349263 0.126236 0.350954
-0.271283 0.133962 0.340250
-0.220084 0.129400 0.342570
-0.095392 0.141310 0.329215
0.314555 0.151280 0.368123
-0.572170 0.605946 -0.278272
-0.584742 0.158635 -0.154660
-0.044398 0.826718 -0.356692
-0.485648 0.254826 0.430024
-0.519118 0.096874 0.308893
-0.712801 0.476268 0.045911
-0.003637 0.187227 0.321245
0.056239 0.175009 0.338875
0.124995 0.190917 0.336439
0.184047 0.200486 0.339130
0.249610 0.199944 0.340310
0.306620 0.199133 0.328590
0.382296 0.195303 0.335829
0.441776 0.196739 0.338225
-0.549477 0.162376 0.277040
-0.480598 0.175851 0.307053
-0.420527 0.175088 0.314774
-0.345538 0.169013 0.327954
-0.287825 0.179961 0.317807
-0.214790 0.176606 0.322188
-0.150153 0.189159 0.302069
-0.075745 0.187749 0.305280
0.487471 0.198098 0.324231
-0.287969 0.493781 -0.097118
0.563232 0.210871 0.269237
0.740235 0.007255 -0.171905
-0.357918 0.247190 0.277791
0.048549 0.210753 0.320577
0.102333 0.213800 0.325007
0.327043 0.224034 0.315123
0.369965 0.228744 0.303815
0.439168 0.227221 0.303835
0.507385 0.211283 0.298547
-0.128969 0.819730 -0.188418
-0.381217 0.419425 -0.192427
-0.217146 0.081541 -0.338763
0.058727 0.940491 -0.451835
0.425940 0.196383 -0.328662
-0.438847 0.485260 -0.200656
-0.127666 0.812891 -0.318871
-0.438717 0.347694 -0.208330
-0.118767 0.751154 -0.301638
-0.457349 0.214430 0.315419
-0.413218 0.235503 0.309078
-0.360484 0.235738 0.290967
-0.291485 0.221504 0.288873
-0.225494 0.222662 0.292082
-0.163011 0.227263 0.280946
-0.066918 0.231167 0.276705
0.197589 0.248746 0.326198
0.229649 0.250131 0.325037
0.543096 0.259442 0.250500
0.536371 0.107904 -0.340006
-0.468092 0.236614 0.384407
-0.247318 0.610864 -0.171447
-0.437153 0.014924 -0.286485
-0.709643 0.440863 0.189153
-0.095272 0.023099 -0.364177
-0.355369 0.010031 -0.321857
0.102261 -0.510110 0.485895
0.100328 -0.558866 0.466782
-0.567439 0.349091 -0.189584
0.006950 0.816420 -0.306988
0.547066 0.323389 0.189633
0.075647 0.811465 -0.385283
-0.387703 0.616198 -0.145504
0.467867 -0.501279 0.376452
0.632850 0.206072 0.208455
-0.438395 0.227729 -0.231277
-0.241608 -0.576616 0.413215
0.155875 -0.514306 0.464070
0.214506 -0.520418 0.442900
-0.407966 0.297807 0.375850
-0.352234 0.499209 0.230484
0.515065 -0.493965 0.358297
-0.276646 0.368954 0.236091
0.023798 0.957852 -0.356108
-0.468564 0.600245 -0.477236
0.641467 0.084279 0.290819
-0.250517 0.624558 -0.047132
0.343704 -0.549610 0.390851
-0.557590 0.204534 0.353348
-0.311822 0.373464 0.277134
-0.115943 -0.563597 0.394198
0.221974 0.029635 -0.476445
0.056996 0.945028 -0.389055
0.588350 -0.494166 0.246820
-0.430054 0.195397 -0.252395
0.571215 0.277167 0.216941
-0.369263 0.561986 0.231174
0.069844 0.817792 -0.325264
-0.060388 0.813833 -0.247368
0.473150 -0.433704 0.371654
0.515028 -0.448872 0.356305
0.540156 -0.434695 0.336413
0.583481 -0.431346 0.301418
0.696432 0.090542 0.209860
0.614225 -0.434544 0.264230
0.058860 0.881479 -0.391668
-0.428392 0.306115 0.423042
-0.410406 -0.001495 -0.298250
-0.427491 0.559407 0.297048
-0.186490 0.632628 -0.109267
-0.061248 0.877086 -0.263504
0.001412 0.882313 -0.319235
-0.353132 0.368048 0.315011
-0.461833 0.446009 0.396641
-0.484304 0.139843 -0.238423
-0.219073 0.711193 -0.088482
-0.248533 0.429923 0.152332
0.675760 -0.074058 -0.283730
0.639395 -0.420240 0.237784
-0.444563 0.514583 0.337626
-0.432189 0.131836 -0.272782
0.745099 -0.446334 0.193451
-0.604526 -0.172159 0.082585
-0.432191 0.362252 0.423814
-0.204235 0.687991 -0.073518
-0.175334 0.695462 -0.092112
-0.318321 0.284491 0.270904
-0.378314 0.470450 0.273692
0.788210 -0.435481 0.167236
0.850016 -0.425570 0.101903
0.107533 0.873177 -0.395493
0.056275 0.989928 -0.447123
0.599199 0.220211 0.239490
-0.410042 0.378163 0.374617
0.809267 -0.383470 0.197879
0.834050 -0.402830 0.159827
0.855438 -0.362490 0.165002
0.049123 0.873971 -0.349278
0.654129 0.224389 0.165298
-0.334727 0.564749 0.192763
-0.418491 0.495492 0.293909
0.019553 0.750651 -0.246443
-0.002686 0.941191 -0.323134
0.464229 -0.372898 0.402566
-0.383838 0.396092 0.328247
0.877668 -0.390323 0.114113
0.350114 0.309277 -0.300874
-0.055015 0.758443 -0.241269
-0.158257 0.770010 -0.159706
-0.120767 0.695693 -0.125111
-0.063754 0.736380 -0.144609
-0.049038 0.756765 -0.186061
0.528412 -0.355086 0.374898
0.554448 -0.372875 0.335281
0.590035 -0.357843 0.315694
0.635700 -0.356015 0.284698
0.537191 0.185056 0.308238
0.906659 -0.353892 0.100353
-0.433861 0.249382 0.365394
-0.115331 0.762381 -0.175550
0.414527 0.031015 -0.411176
-0.311075 0.313570 0.276084
-0.339611 0.453205 0.260909
-0.290983 0.548736 -0.106089
-0.223713 0.603990 -0.095107
-0.085843 0.920448 -0.216707
0.644031 0.126106 -0.261607
0.451890 -0.341947 0.428418
0.888502 -0.333307 0.147963
0.614829 -0.306562 0.321101
0.922134 -0.292957 0.102479
-0.503520 -0.280986 0.079137
-0.595959 0.893785 -0.695867
0.462458 -0.293955 0.427669
0.535306 -0.295186 0.391588
0.581451 -0.287901 0.354246
0.653332 -0.292368 0.297468
0.684228 -0.300929 0.257273
0.668922 0.098878 0.251041
-0.673869 0.293358 0.390918
0.898903 -0.288562 0.144465
0.609780 0.099453 0.311955
-0.009380 0.815666 -0.274961
-0.321165 0.496123 0.204086
-0.289304 0.635070 -0.009456
-0.397895 0.504353 0.256728
-0.104249 0.734575 -0.127601
-0.412689 0.450392 0.316309
0.679132 0.068065 0.255129
-0.554540 0.657769 -0.491696
0.714239 -0.233999 0.230851
-0.447390 0.591615 -0.348895
0.468545 -0.225862 0.435818
0.531353 -0.228573 0.390716
0.584596 -0.224175 0.352662
0.623467 -0.222323 0.325608
0.654115 -0.231097 0.304990
0.691676 -0.222595 0.270338
0.896099 -0.219724 0.139430
0.925003 -0.227304 0.094892
0.107981 0.814375 -0.340826
-0.389903 0.599691 0.263899
0.510291 -0.206740 0.410217
-0.069245 0.720561 -0.143243
0.554649 0.138897 0.327559
-0.134108 0.653438 -0.141674
0.458492 -0.163448 0.449098
0.517338 -0.158138 0.414954
0.546466 -0.166261 0.387479
0.580352 -0.163156 0.351620
0.647844 -0.161074 0.305572
0.689866 -0.162235 0.266039
0.720494 -0.164391 0.221891
0.909368 -0.175113 0.078560
-0.392113 -0.289993 0.208574
-0.719075 0.229737 0.063167
0.644662 -0.075185 -0.315784
-0.666818 0.276830 -0.114426
-0.088201 0.896362 -0.220192
0.041750 0.796536 -0.280558
-0.387755 0.297749 0.326395
0.619468 -0.144106 0.324410
-0.636994 0.604294 -0.090305
-0.604896 0.855460 -0.681263
-0.404650 -0.317998 0.148994
-0.031750 0.199277 -0.325109
-0.583058 -0.146352 0.206887
0.482648 0.317045 -0.242456
0.459071 -0.106139 0.454336
0.522563 -0.102621 0.419415
0.583314 -0.102162 0.366792
0.654446 -0.103625 0.306196
0.692166 -0.104663 0.263610
0.719307 -0.102753 0.221205
0.737793 -0.097711 0.185583
0.756945 -0.104359 0.145002
-0.232746 0.279790 -0.270607
0.774736 -0.101924 0.089997
-0.281153 0.504225 0.094333
0.217449 0.221990 -0.350056
-0.270297 0.576291 -0.051773
0.627020 -0.087631 0.335448
-0.256485 0.575355 -0.102671
0.102936 0.149716 -0.365693
0.787617 -0.119940 0.026648
-0.394189 0.538206 0.256241
0.584965 -0.036048 0.363078
0.622727 -0.034160 0.330427
0.657855 -0.034300 0.299755
0.685796 -0.035842 0.262482
-0.614010 0.587099 -0.130117
-0.543590 -0.250006 0.026570
0.720381 -0.034329 0.214832
0.733476 -0.034757 0.189124
0.752813 -0.038116 0.147035
0.769329 -0.040738 0.085637
-0.603459 0.276536 0.414746
-0.636679 0.013943 -0.125261
0.008008 0.818150 -0.365428
-0.504856 -0.266016 0.127282
0.576348 0.026426 0.358895
0.619381 0.026846 0.327016
0.657059 0.027474 0.297170
0.685171 0.024627 0.256207
0.712292 0.023161 0.212602
0.732180 0.018564 0.173600
0.280615 0.232972 -0.347801
-0.517137 0.553205 -0.343718
-0.557216 0.477941 -0.187317
-0.032909 0.242829 -0.295092
-0.669940 0.218117 -0.054288
0.067221 0.881324 -0.441938
-0.002909 0.715166 -0.243445
0.104083 0.782664 -0.333788
0.115436 0.834050 -0.428125
-0.641510 0.538340 -0.097331
0.515014 -0.570467 -0.128726
0.498725 -0.565285 -0.196172
0.489704 -0.567606 -0.241936
0.452331 -0.587729 -0.261079
0.547453 -0.528545 0.266438
0.720348 -0.524277 -0.016184
0.722413 -0.510840 -0.080769
0.532502 -0.542539 -0.148043
0.483506 -0.563897 -0.270977
0.452776 -0.543169 -0.325837
0.480362 0.110346 -0.364067
0.776382 -0.493312 -0.012175
0.763187 -0.494352 -0.065397
0.702872 -0.500588 -0.124606
-0.260162 0.471350 -0.032515
0.524347 -0.520547 -0.204646
0.511101 -0.522137 -0.255641
0.493659 -0.519719 -0.309546
-0.672569 0.232184 0.326294
-0.032379 0.155403 -0.353177
0.815480 -0.467594 0.041737
0.854158 -0.433710 -0.021700
0.811371 -0.469824 -0.036576
0.788590 -0.469658 -0.083051
0.564359 0.120615 -0.319074
0.583105 -0.523351 -0.138973
-0.711736 0.263950 -0.029858
-0.457032 0.776887 -0.643293
-0.580410 0.166270 0.241681
0.862766 -0.429921 0.031390
0.833586 -0.433359 -0.088878
-0.092876 0.274157 -0.266021
0.581024 -0.462454 -0.205978
0.098994 0.023008 -0.478300
-0.211738 0.805079 -0.264443
-0.548759 0.655135 -0.540106
0.779838 -0.430555 -0.148917
0.546584 -0.488558 -0.207840
0.510288 -0.465033 -0.324217
-0.086943 -0.616259 -0.403374
-0.456015 -0.265686 0.199327
-0.565974 0.598350 -0.340018
-0.656786 0.471055 -0.105070
0.886270 -0.403831 0.055310
0.570143 -0.454715 -0.257947
0.528502 -0.480671 -0.272841
0.616687 0.051866 -0.309020
0.845908 -0.187516 -0.099593
0.851464 -0.312414 -0.154612
-0.314972 -0.244145 0.303118
-0.479711 0.661828 -0.684214
-0.277823 0.449769 -0.112956
-0.097691 0.147780 -0.337691
-0.474484 0.649313 -0.620111
-0.178016 0.631036 -0.177778
0.910546 -0.369564 0.032293
0.907817 -0.366072 -0.026737
0.865434 -0.395121 -0.098680
0.837233 -0.378296 -0.143987
0.792550 -0.386413 -0.170140
0.647496 -0.436633 -0.178832
0.280986 0.299591 -0.308027
0.097937 0.104182 -0.376502
-0.451513 0.772283 -0.703992
0.889269 -0.363902 -0.086748
0.645045 -0.392023 -0.201351
0.592637 -0.417298 -0.279020
0.558282 -0.437459 -0.311678
0.158917 0.296089 -0.290334
0.092918 0.285298 -0.288258
-0.416655 0.569071 -0.179123
0.502985 0.343067 -0.197665
-0.141971 -0.626270 -0.366180
0.610733 -0.418164 -0.225226
0.600253 0.243951 -0.225914
0.026233 0.314339 -0.239579
0.032782 0.277118 -0.278912
0.189032 -0.566872 -0.363030
-0.308682 0.208511 -0.294960
0.470087 0.373731 -0.175703
-0.453380 -0.619828 -0.078617
0.215465 0.258613 -0.323430
0.615559 -0.376741 -0.263438
0.568493 -0.391743 -0.328417
0.093986 0.319869 -0.246010
0.547283 0.182499 -0.298975
0.780270 -0.187593 -0.104561
0.224434 0.103752 -0.378355
-0.517871 -0.157863 0.276722
0.932632 -0.307322 0.035030
0.927638 -0.305233 -0.035361
0.900209 -0.308044 -0.099544
0.098865 0.348412 -0.214286
0.481284 0.245189 -0.293693
0.655320 -0.343131 -0.230917
0.531776 -0.077905 -0.390315
-0.156455 0.239659 -0.292375
-0.590915 -0.168918 0.144254
-0.003903 -0.568205 -0.394723
0.686447 -0.310097 -0.210342
0.634320 -0.323612 -0.274381
0.514220 -0.409581 -0.360986
0.036913 0.013986 -0.469416
-0.656632 0.242011 0.373307
0.027668 -0.563587 0.466961
-0.283837 0.144064 -0.317584
0.563387 -0.332247 -0.348483
0.362154 0.042031 -0.427938
0.032188 0.337328 -0.212065
-0.451198 -0.026994 -0.280487
-0.647719 0.009161 -0.099216
-0.712485 0.235644 0.121938
-0.719218 0.413122 -0.020556
0.718254 -0.322300 -0.174829
0.596642 -0.333326 -0.305742
0.546717 0.049596 -0.355110
-0.517073 0.825122 -0.753362
0.403777 0.303384 -0.292310
-0.453357 -0.222410 0.269038
0.939286 -0.225803 0.030103
0.941805 -0.246467 0.009626
0.931728 -0.235382 -0.039163
0.899501 -0.245440 -0.101086
-0.592191 0.111787 -0.166218
-0.357422 0.482512 -0.170084
0.646785 -0.267660 -0.283052
0.607126 -0.306609 -0.314412
0.451309 0.349499 -0.225074
-0.235345 0.213148 -0.296445
0.771331 -0.247214 -0.142869
-0.309604 -0.585179 0.407467
-0.508558 -0.200176 0.250634
-0.457687 -0.316177 0.086838
-0.318581 0.476684 -0.144199
0.720885 -0.251223 -0.174587
0.695845 -0.253866 -0.227251
0.834475 -0.252615 -0.146252
-0.553288 -0.182167 0.207116
-0.663279 0.549153 -0.050779
0.611376 -0.264289 -0.321613
0.561012 -0.266971 -0.353891
0.605784 -0.015530 -0.339405
-0.584143 0.543358 -0.170395
0.395691 0.219001 -0.334960
0.219613 0.369939 -0.232442
-0.051306 -0.531788 0.442509
0.476483 -0.026505 -0.407630
0.913145 -0.166623 0.022745
0.906665 -0.176413 -0.042398
0.883381 -0.185803 -0.087418
0.674012 -0.236482 -0.264984
-0.463750 0.825993 -0.802786
-0.531016 0.639200 -0.616559
-0.725864 0.400655 -0.006575
-0.519999 0.575180 -0.476646
-0.479433 -0.247873 0.208433
-0.566982 0.602993 -0.407778
0.740639 -0.175700 -0.158022
0.730834 -0.199672 -0.176702
0.644392 -0.202761 -0.295606
-0.114351 0.336728 -0.201669
0.706534 -0.185569 -0.228716
0.672156 -0.191339 -0.267848
0.605995 -0.203348 -0.329096
0.574858 -0.202927 -0.359717
0.164028 0.111934 -0.378824
-0.067284 -0.562823 -0.397853
-0.612279 0.208744 0.326974
0.404295 0.362475 -0.232757
-0.536624 0.191952 0.316254
-0.557882 0.645815 -0.471861
0.432112 -0.015768 -0.429454
-0.698797 0.428634 0.314654
0.766565 -0.112540 -0.103786
-0.258947 -0.380336 0.080186
-0.151520 0.312360 -0.240696
0.780589 -0.114064 -0.035397
0.744462 -0.115869 -0.163577
0.707873 -0.123337 -0.221294
0.668254 -0.131870 -0.266554
0.645470 -0.130367 -0.294927
0.611867 -0.137015 -0.334409
0.574509 -0.146714 -0.365850
-0.397001 -0.231084 0.290919
0.220338 0.079521 -0.412810
-0.153021 0.082147 -0.343718
-0.528743 0.589228 -0.540606
-0.045644 0.936262 -0.364077
0.293032 0.027233 -0.465301
-0.719807 0.539333 0.128985
-0.645614 0.094829 -0.088171
0.282606 0.372531 -0.235097
-0.475182 0.781807 -0.491725
0.772577 -0.042208 0.020673
0.772541 -0.045558 -0.043531
0.761155 -0.050372 -0.107112
0.616299 -0.074022 -0.334247
-0.515609 0.522609 -0.217987
-0.139649 -0.504867 -0.303443
-0.549844 0.559181 -0.262761
-0.501517 0.882258 -0.710305
-0.540402 0.895450 -0.697003
-0.561232 0.882241 -0.649631
0.146490 0.108906 0.425454
-0.604734 0.878398 -0.644429
-0.691328 0.605309 -0.018572
-0.662772 0.605817 -0.050290
-0.646924 0.050565 -0.095799
-0.536271 0.835544 -0.560385
-0.501068 0.819465 -0.572661
-0.716904 0.232036 0.018991
0.590611 0.300692 -0.164765
-0.717386 0.549384 0.037972
0.854261 -0.152916 -0.047202
0.633189 0.276053 -0.118530
0.602825 0.312625 -0.110466
-0.360421 0.730174 -0.114194
0.561442 0.341489 -0.122118
-0.518894 0.603860 -0.601896
0.828711 -0.142319 -0.012948
0.802481 -0.152557 -0.039837
0.525228 0.366266 -0.123375
-0.513313 0.810965 -0.480764
-0.542062 0.821299 -0.487112
-0.584242 0.667045 -0.220720
0.847290 -0.137988 0.025610
0.643314 0.278153 -0.052523
0.477801 0.397931 -0.115550
-0.253331 0.468611 0.081137
-0.580385 0.819093 -0.486253
0.605852 0.321265 -0.050591
0.427042 0.415573 -0.135647
-0.727312 0.536785 0.065552
0.570008 0.348861 -0.077630
0.398595 0.432139 -0.113626
-0.646094 0.091803 0.184183
-0.475969 0.770366 -0.426478
-0.526011 0.799792 -0.424992
-0.617660 0.777292 -0.480862
0.490667 0.050078 -0.375255
0.537174 0.376451 -0.057885
0.350823 0.439606 -0.121771
-0.540110 0.815057 -0.453912
-0.591746 0.786464 -0.426106
0.850663 -0.153524 0.093331
0.478443 0.411482 -0.052485
-0.537167 0.067238 -0.230712
-0.643373 -0.029934 0.190763
0.645401 0.281534 0.011651
0.606507 0.325237 0.005706
0.283729 0.443692 -0.114777
0.020961 -0.057110 0.449795
-0.487941 0.766979 -0.374033
-0.618801 0.644906 -0.071693
-0.386733 -0.604352 0.100502
-0.365980 -0.597928 0.152361
-0.379376 -0.598145 0.221000
-0.381084 -0.546480 0.221449
-0.387312 -0.591991 0.285156
-0.374941 -0.587681 0.352755
-0.650860 0.026983 0.191946
-0.025678 0.089715 -0.370177
-0.452036 -0.612750 0.035658
-0.445727 -0.560387 0.035708
-0.422534 -0.599209 0.081899
-0.544074 -0.096117 0.295650
-0.578703 -0.090569 0.264790
-0.464980 -0.572470 -0.032000
-0.353937 -0.567258 0.169695
-0.391512 -0.533450 0.281016
-0.342967 -0.530995 0.403060
-0.511763 -0.085450 0.322376
-0.632093 0.462745 0.409347
-0.628443 0.030962 0.222715
-0.628226 0.575377 0.314238
-0.031886 0.280032 -0.268071
-0.425926 -0.572126 0.070064
-0.382478 -0.549420 0.096415
-0.326495 -0.536850 0.148487
-0.664752 0.478133 0.360279
-0.102884 -0.523973 0.379690
0.026124 -0.112062 0.433465
0.345309 0.231653 -0.343173
-0.359899 -0.490384 0.347499
-0.675205 0.368192 0.389491
0.418355 0.117411 -0.369678
-0.582013 -0.038306 0.272321
-0.374758 -0.498304 0.277289
-0.630047 0.346958 -0.156467
-0.089545 -0.490748 0.381496
-0.021340 -0.479141 0.455348
-0.617341 -0.044107 0.221502
-0.442963 -0.531210 -0.032713
-0.441459 -0.528664 0.014480
-0.390219 -0.501876 0.027857
-0.374588 -0.521888 0.075134
-0.322298 -0.501250 0.083430
-0.667136 0.426811 0.382544
-0.618802 0.089494 0.222205
-0.610416 -0.100575 0.208420
0.065726 0.063184 0.433496
-0.669807 0.550263 0.295086
-0.334007 -0.479053 0.034692
-0.267476 -0.476089 0.095502
-0.663366 -0.043011 0.140801
-0.294863 0.794011 -0.136647
-0.321857 -0.457872 0.288874
-0.307555 -0.425396 0.014076
-0.670923 0.604692 0.225200
-0.022026 -0.418576 0.375113
-0.544608 0.266253 0.432853
0.063131 0.087444 0.391463
-0.249444 -0.427319 0.084339
0.349159 -0.021181 -0.466990
0.047663 -0.361498 0.355716
-0.248573 -0.408598 0.139580
-0.262564 -0.411690 0.212262
-0.240183 -0.329266 0.267723
-0.211756 -0.326431 0.305462
0.047285 -0.316075 0.357841
-0.558742 0.277752 -0.180732
0.109624 -0.289086 0.445233
-0.061170 0.054503 -0.364956
0.042271 -0.270958 0.357246
0.062027 -0.248730 0.394873
0.097311 -0.250197 0.441084
-0.055758 0.868232 -0.363218
-0.053884 0.749420 -0.305975
-0.359616 0.680928 -0.148786
-0.395492 0.469970 -0.191893
-0.384895 -0.198126 0.322199
0.043166 -0.059264 -0.516261
-0.340334 0.136094 -0.306073
-0.323884 0.556103 -0.140943
0.023356 -0.189561 0.370572
0.047721 -0.198309 0.403763
-0.312036 0.375569 -0.176456
-0.594933 0.412384 -0.170710
-0.368778 0.293407 -0.224125
-0.170462 0.193895 -0.315596
-0.003447 0.871183 -0.390531
-0.294107 -0.374334 0.036108
-0.177421 -0.622964 -0.335369
-0.191203 -0.619992 -0.292005
-0.187048 -0.573796 -0.305503
-0.202903 -0.619359 -0.233184
-0.208551 -0.563827 -0.223565
0.192014 -0.608705 -0.348619
0.290418 0.103119 -0.372279
-0.443887 -0.571551 -0.081976
-0.723767 0.416416 0.174390
-0.177467 -0.594645 -0.342913
0.567174 -0.082255 -0.364570
-0.514802 0.789267 -0.738038
-0.715862 0.405028 0.228482
-0.416182 -0.551552 -0.112211
-0.556659 0.610912 -0.520977
-0.132389 -0.569989 -0.370582
-0.389273 -0.520752 -0.095737
-0.343691 -0.515960 0.196132
-0.667167 0.400233 -0.116380
-0.265657 -0.556732 -0.185272
-0.305523 -0.506015 0.169923
-0.176038 -0.530167 -0.282216
-0.181546 -0.514721 -0.230285
-0.201222 -0.488119 -0.189650
-0.397104 -0.497297 -0.034694
-0.262169 -0.472602 0.147864
-0.309344 -0.476819 0.216199
-0.357499 -0.494870 0.238268
-0.072121 -0.504364 -0.367138
-0.120497 -0.515932 -0.348390
-0.090814 0.241490 -0.295462
-0.327623 -0.483206 -0.106800
-0.728684 0.594539 0.103105
-0.141865 -0.480993 -0.240968
0.299159 0.340615 -0.275095
0.415306 0.245188 -0.317761
-0.273116 -0.491326 -0.156571
-0.348242 -0.475894 -0.042635
-0.543224 0.568721 -0.357648
-0.578096 0.785314 -0.606725
-0.323980 -0.431320 -0.040409
-0.272495 -0.450179 0.209129
0.094761 0.249381 -0.313440
-0.075290 -0.472115 -0.309919
0.468580 0.025674 -0.392145
0.440470 0.054508 -0.386207
0.471896 0.154712 -0.339169
-0.058072 -0.429037 -0.248547
-0.108061 -0.460424 -0.221908
-0.133143 -0.427422 -0.199618
0.156985 0.219515 -0.346810
-0.264742 -0.435236 -0.157440
-0.307818 -0.419059 -0.104879
-0.032914 -0.421072 -0.315988
-0.053134 -0.452969 -0.291477
0.604147 0.163306 -0.280359
-0.000210 -0.423223 -0.371531
-0.371215 0.255757 -0.251250
0.093962 0.217642 -0.332294
-0.306207 0.273790 -0.262624
-0.270619 -0.363858 -0.176867
-0.315906 -0.362798 -0.112253
-0.341605 -0.356589 -0.048536
-0.336338 -0.361229 0.013948
0.456663 0.285756 -0.285230
0.026116 0.215365 -0.329018
0.020014 -0.386544 -0.412911
-0.015947 -0.360552 -0.385330
-0.038349 -0.361078 -0.322977
-0.062846 -0.351029 -0.247489
0.329578 0.340995 -0.278127
0.004345 -0.351185 -0.422979
-0.050543 -0.340428 -0.298573
-0.412617 -0.313681 -0.109555
-0.463119 -0.288201 -0.098914
-0.463440 -0.308990 -0.036249
-0.568299 -0.208401 0.127573
-0.510397 0.698127 -0.732884
0.039734 -0.307770 -0.471635
-0.005631 -0.295585 -0.440187
-0.036899 -0.306880 -0.387800
-0.049967 -0.312076 -0.332507
-0.066053 -0.287426 -0.309312
-0.078297 -0.302114 -0.263002
0.068312 -0.618086 -0.362424
-0.509273 -0.283395 0.013331
0.424203 0.335296 -0.256891
-0.542129 -0.242565 -0.043248
-0.516516 -0.274135 -0.027946
-0.054789 -0.283879 -0.366436
-0.481342 -0.258437 -0.120563
-0.537204 -0.229015 -0.110012
-0.574370 -0.225706 0.029490
-0.728831 0.593585 0.056228
-0.025205 -0.241708 -0.456709
-0.051414 -0.248754 -0.406298
-0.068573 -0.227645 -0.381959
-0.081248 -0.237344 -0.323167
-0.104775 -0.229733 -0.284422
-0.335562 -0.572224 -0.163146
-0.469118 -0.242355 -0.166873
-0.579848 -0.215544 -0.026626
0.414527 0.396795 -0.177022
-0.521548 -0.217601 -0.160783
-0.602856 -0.178827 -0.049581
-0.721837 0.437974 0.043959
0.296363 0.063630 -0.427239
-0.540573 -0.178927 -0.173256
-0.563386 -0.196654 -0.135330
-0.587188 -0.171619 -0.110837
-0.611852 -0.172783 0.021011
0.357523 0.255939 -0.330327
0.279343 0.077689 -0.406244
-0.040696 -0.181493 -0.473264
-0.086830 -0.175076 -0.388689
-0.101268 -0.176054 -0.328321
0.509358 -0.006075 -0.387455
-0.069232 -0.166367 -0.443292
-0.477380 -0.182191 -0.235058
-0.642749 -0.121211 0.017220
-0.642639 -0.117235 0.080524
0.034671 0.046674 -0.405497
0.026414 0.245764 -0.309674
-0.529452 -0.114815 -0.234617
-0.555786 -0.131259 -0.191077
-0.584222 -0.120738 -0.160160
-0.610666 -0.120377 -0.116478
-0.627865 -0.121218 -0.054096
-0.638456 -0.095309 0.136435
-0.623871 -0.110680 0.154591
0.867096 -0.223554 -0.122074
-0.090919 -0.103319 -0.392381
-0.117546 -0.101274 -0.345555
-0.647388 -0.095177 -0.049572
-0.046320 -0.107140 -0.478750
-0.070994 -0.111481 -0.441158
-0.666505 0.522658 -0.060074
-0.572769 -0.053687 -0.202364
-0.595301 -0.051031 -0.174873
-0.632501 -0.059465 -0.121808
-0.644280 -0.055018 -0.095836
-0.664238 -0.053949 -0.043674
-0.671768 -0.055861 0.013446
-0.669903 -0.051999 0.077528
-0.393818 -0.619569 -0.144891
-0.255413 -0.623233 -0.205134
-0.003431 -0.495896 -0.376010
0.100020 0.069589 -0.402481
0.027887 0.095886 -0.374722
0.488273 -0.080223 -0.411652
0.338781 0.020689 -0.456812
0.102517 -0.046647 -0.520684
0.160183 0.252821 -0.316987
0.539743 0.223240 -0.278873
0.129868 -0.568383 -0.371758
-0.065100 -0.628840 -0.366552
0.001326 -0.622175 -0.368204
0.165334 0.076730 -0.411970
0.132418 0.322347 -0.262913
0.657926 0.042454 -0.277077
-0.320599 -0.522588 -0.146852
0.050519 0.065910 -0.382829
0.067242 -0.571710 -0.385485
-0.333513 -0.629740 -0.156947
-0.296870 0.081889 -0.333668
0.332753 0.077552 -0.391884
0.092968 0.382335 -0.162821
0.591685 0.034481 -0.337191
0.502408 -0.345106 -0.395999
0.075521 0.055819 -0.416280
0.777170 -0.316464 -0.176427
0.158864 -0.105297 -0.520300
-0.387208 -0.572277 -0.141627
0.379793 -0.554067 -0.344233
0.538486 -0.137346 -0.389949
0.011292 -0.032575 -0.498437
-0.265816 -0.623124 -0.173006
0.499751 -0.274844 -0.402486
-0.302668 0.424459 -0.153688
0.128284 -0.610143 -0.354617
0.080890 0.397331 -0.117932
-0.250751 0.393938 -0.141324
0.148393 0.395718 -0.179228
0.171767 0.413237 -0.154416
0.218639 0.418763 -0.161194
0.281469 0.422624 -0.165862
0.348070 0.422000 -0.165090
-0.352744 0.420005 -0.182809
-0.238849 0.378147 -0.175371
0.218111 0.403910 -0.190553
0.283299 0.406883 -0.191619
0.359777 0.400806 -0.196727
-0.341580 0.369399 -0.183594
0.375765 -0.593348 -0.313793
0.319683 -0.602408 -0.308878
0.258469 -0.605529 -0.318788
0.434496 -0.585080 -0.305728
0.334350 -0.560062 -0.350520
0.301986 -0.561360 -0.355025
0.253585 -0.563392 -0.359272
-0.357279 0.080345 -0.311962
-0.282098 0.654425 -0.195963
-0.394159 -0.631523 -0.092728
-0.426721 0.076008 -0.286296
-0.493570 0.071614 -0.253606
-0.114427 0.687817 -0.247281
0.657916 -0.540315 -0.075447
0.638654 -0.517894 -0.126343
0.453653 -0.483298 -0.355393
0.380137 -0.511663 -0.356945
0.316171 -0.487678 -0.380884
0.250832 -0.497205 -0.384756
0.184700 -0.498825 -0.391305
0.127154 -0.506825 -0.385619
0.057757 -0.491211 -0.388392
0.655750 -0.464981 -0.167010
-0.102019 0.713038 -0.278501
0.721732 -0.460409 -0.149763
0.435589 -0.459334 -0.371439
0.382590 -0.469716 -0.379833
-0.530982 -0.237293 0.145513
0.371869 -0.416861 -0.414563
0.310801 -0.431730 -0.418937
0.261789 -0.452957 -0.421943
0.242974 -0.418829 -0.433835
0.179884 -0.436212 -0.435483
0.121332 -0.433951 -0.433842
0.106547 -0.460726 -0.415374
0.058476 -0.441554 -0.406802
0.721105 -0.387305 -0.186062
0.438855 -0.409817 -0.398348
0.737227 -0.416295 -0.179649
0.492750 -0.396917 -0.387476
0.064415 -0.414113 -0.425572
-0.074567 -0.415784 -0.198966
-0.208098 -0.419284 -0.188926
0.011520 0.755394 -0.311153
0.768479 -0.372084 -0.184411
0.355073 -0.387717 -0.430002
0.306802 -0.389983 -0.430706
0.241652 -0.361600 -0.455694
0.175738 -0.365413 -0.463460
0.110665 -0.363091 -0.470553
0.056758 -0.365549 -0.451024
0.426258 -0.348207 -0.418500
0.385256 -0.341033 -0.427751
0.352848 -0.342477 -0.433615
0.303021 -0.344249 -0.448669
-0.078518 -0.360198 -0.212233
-0.135908 -0.359758 -0.209291
-0.210415 -0.366629 -0.206310
0.166813 -0.296638 -0.485684
-0.191548 -0.344122 -0.217620
0.435247 -0.277261 -0.429084
0.360838 -0.278121 -0.449167
0.305555 -0.287549 -0.463236
0.231242 -0.289290 -0.478270
0.113930 -0.291268 -0.498046
-0.111633 -0.333076 -0.220019
-0.283260 -0.307648 -0.192019
-0.130788 -0.289896 -0.242453
-0.206241 -0.294226 -0.237006
-0.358274 -0.321949 -0.125730
-0.578082 0.258687 -0.166030
0.067366 -0.278403 -0.500464
-0.337569 -0.299587 -0.165337
-0.389483 -0.290433 -0.159857
0.539395 -0.200127 -0.386674
0.499737 -0.212122 -0.411200
0.447670 -0.217025 -0.434567
0.410639 -0.218389 -0.449105
0.360890 -0.220362 -0.460274
0.291618 -0.218953 -0.478049
0.234068 -0.227329 -0.486678
0.184323 -0.242938 -0.493088
0.156356 -0.219805 -0.505955
0.107860 -0.233933 -0.513223
0.047307 -0.234283 -0.509506
0.009123 -0.248890 -0.486799
-0.369680 -0.271999 -0.198313
-0.140473 -0.230310 -0.273789
-0.208810 -0.234472 -0.266788
-0.284880 -0.244460 -0.243522
-0.358042 -0.242363 -0.242251
-0.420733 -0.257769 -0.187706
0.000478 -0.221362 -0.494252
-0.407813 -0.233541 -0.231596
0.493300 -0.140831 -0.409971
0.439717 -0.148933 -0.434418
0.408547 -0.156494 -0.446740
0.362140 -0.159718 -0.470280
0.290360 -0.163604 -0.490232
0.244829 -0.164604 -0.498246
0.212317 -0.165950 -0.506701
0.159743 -0.165487 -0.514362
0.107983 -0.170129 -0.519848
0.033001 -0.174066 -0.517835
-0.004182 -0.176163 -0.503277
-0.133710 -0.167124 -0.299789
-0.153739 -0.188430 -0.288326
-0.197835 -0.170155 -0.295963
-0.227222 -0.193186 -0.278271
-0.283245 -0.194699 -0.277642
-0.359534 -0.198622 -0.276238
-0.417741 -0.188964 -0.264886
-0.497153 -0.206031 -0.194582
-0.343093 -0.581310 0.405915
-0.291797 -0.170134 -0.294234
-0.358501 -0.175551 -0.289242
0.403659 -0.103459 -0.450825
0.357710 -0.095039 -0.468473
0.285815 -0.099971 -0.491122
0.242418 -0.119368 -0.504759
0.219510 -0.100113 -0.514460
0.106628 -0.110151 -0.527928
0.037300 -0.109309 -0.522328
-0.005271 -0.115828 -0.509321
-0.515157 -0.168370 -0.213549
0.427970 -0.078785 -0.439447
-0.144073 -0.113311 -0.324423
-0.215661 -0.118721 -0.315832
-0.287746 -0.119146 -0.320681
-0.357288 -0.127880 -0.308629
-0.417197 -0.113672 -0.292130
-0.440275 -0.143008 -0.277703
-0.476664 -0.112100 -0.270304
0.206606 -0.052988 -0.510900
-0.007423 -0.063342 -0.502092
0.401810 -0.037334 -0.451838
-0.122832 -0.061347 -0.358545
0.196711 -0.609585 -0.304146
0.068738 -0.613484 -0.303293
0.132221 -0.612003 -0.304522
0.005859 -0.615762 -0.303276
0.322250 -0.590084 -0.259588
0.387552 -0.593386 -0.250368
-0.127401 -0.627287 -0.288720
-0.059068 -0.615548 -0.291099
0.267619 -0.592440 -0.266143
0.131208 -0.593116 -0.276895
0.168241 -0.595170 -0.273943
0.192251 -0.564102 -0.247221
0.260907 -0.558289 -0.240304
0.322223 -0.560569 -0.236074
0.465241 -0.583955 -0.190075
-0.038242 -0.590483 -0.274708
0.006139 -0.588158 -0.280321
0.056351 -0.583313 -0.278281
0.073349 -0.566736 -0.245746
0.127194 -0.565058 -0.251963
0.371580 -0.569781 -0.226942
0.400751 -0.581811 -0.192375
0.368613 -0.554661 -0.187812
-0.131976 -0.618161 -0.227987
-0.061774 -0.573002 -0.234183
0.008046 -0.566444 -0.244501
0.326914 -0.545105 -0.194852
-0.098258 -0.601078 -0.241003
0.260487 -0.545883 -0.185121
0.386117 -0.583041 -0.127006
0.452709 -0.584682 -0.125326
-0.099566 -0.586798 -0.221006
0.136391 -0.554574 -0.180162
0.197919 -0.550445 -0.182953
-0.187146 -0.623602 -0.160192
-0.136624 -0.606366 -0.164428
0.072310 -0.559542 -0.176510
0.324003 -0.547095 -0.126494
0.460414 -0.573682 -0.064614
0.515408 -0.573820 -0.060264
0.589811 -0.564320 -0.061551
0.598366 -0.552721 -0.093052
-0.109204 -0.578955 -0.175644
-0.062936 -0.566921 -0.168705
0.009948 -0.563946 -0.174837
0.263146 -0.543891 -0.121495
0.345889 -0.575052 -0.102510
0.393972 -0.576307 -0.054733
0.635853 -0.554538 -0.054011
0.200168 -0.548524 -0.119662
0.328758 -0.580711 -0.053916
-0.143539 -0.613558 -0.106376
0.075550 -0.557804 -0.112865
0.138447 -0.553297 -0.115972
0.308460 -0.554282 -0.080926
0.532355 -0.562474 -0.006333
0.585298 -0.569085 -0.006978
0.646551 -0.556785 -0.008667
-0.259906 -0.625781 -0.100386
-0.189012 -0.620216 -0.093384
-0.062102 -0.564986 -0.108306
0.011709 -0.561670 -0.111663
0.273838 -0.546521 -0.055826
-0.332900 -0.629536 -0.094592
0.204108 -0.546955 -0.056427
0.331391 -0.584246 0.004505
0.367367 -0.574764 -0.021805
-0.580080 0.196020 0.301055
-0.120467 -0.613959 -0.033946
0.069885 -0.555828 -0.046291
0.141267 -0.551557 -0.053885
0.262430 -0.547774 0.004172
0.600329 -0.561412 0.059162
0.654898 -0.548875 0.053766
0.719533 -0.520616 0.047636
-0.260492 -0.621562 -0.031282
-0.194801 -0.618535 -0.040224
0.000293 -0.559902 -0.048734
0.291865 -0.569411 0.021487
0.542098 -0.554135 0.072425
0.780764 -0.487448 0.049897
-0.321811 -0.624800 -0.034629
-0.076238 -0.610349 -0.021023
-0.037614 -0.562730 -0.059903
0.205155 -0.544869 0.006283
0.335387 -0.580473 0.067343
-0.452894 -0.624551 -0.028334
-0.393596 -0.627917 -0.028719
-0.113144 -0.598261 0.027396
-0.053087 -0.605964 0.026468
0.082231 -0.553123 0.006984
0.137486 -0.549150 0.015417
0.299376 -0.573631 0.054438
0.375991 -0.578561 0.079309
0.592935 -0.551263 0.117531
0.636316 -0.544090 0.100282
0.662884 -0.526715 0.119975
-0.249933 -0.614325 0.020615
-0.185664 -0.596667 0.015927
0.018493 -0.557815 0.013406
0.268573 -0.546874 0.065849
0.532259 -0.559036 0.123296
0.723673 -0.503076 0.111892
0.775801 -0.476426 0.107318
-0.318458 -0.620269 0.034321
0.203833 -0.542578 0.073509
0.339798 -0.566738 0.127786
0.400618 -0.570499 0.130465
0.803868 -0.458254 0.111856
-0.391189 -0.621760 0.033503
-0.057471 -0.595257 0.086133
0.142827 -0.546502 0.072705
0.463911 -0.567486 0.143037
-0.088333 -0.584006 0.064983
0.022249 -0.557947 0.079353
0.082943 -0.550503 0.074670
0.280248 -0.537093 0.129904
0.466388 -0.562741 0.187109
0.533606 -0.553513 0.185707
0.575687 -0.540910 0.163493
0.600080 -0.520432 0.183238
0.650014 -0.496277 0.180572
-0.271622 -0.615633 0.083624
0.317996 -0.540661 0.147800
0.406442 -0.559163 0.187531
0.712698 -0.482415 0.168113
-0.324672 -0.615948 0.092836
-0.056724 -0.590921 0.141719
0.141479 -0.543072 0.134339
0.209641 -0.538363 0.134250
0.339864 -0.528373 0.190080
0.024945 -0.552596 0.139942
0.085292 -0.546258 0.146319
-0.268720 -0.611179 0.159599
0.274562 -0.528545 0.192229
0.388946 -0.529554 0.210748
0.465301 -0.558170 0.259854
0.522900 -0.548565 0.245780
0.562494 -0.529204 0.220195
-0.322947 -0.610212 0.155171
0.212511 -0.532729 0.196690
0.399743 -0.524477 0.242937
0.427625 -0.551170 0.259594
-0.085206 -0.583267 0.172478
-0.054942 -0.588826 0.210255
0.018060 -0.548450 0.209925
0.081755 -0.541906 0.198926
0.149351 -0.536780 0.198739
-0.469499 -0.185333 0.299215
-0.107281 -0.589460 0.211483
0.339878 -0.516191 0.251215
0.480092 -0.551140 0.325693
0.521275 -0.543117 0.295755
-0.321404 -0.604238 0.219184
-0.249711 -0.601449 0.221006
-0.169714 -0.599177 0.223795
-0.023367 -0.559861 0.227428
0.212090 -0.524558 0.266305
0.278089 -0.519243 0.269590
0.406148 -0.559089 0.326242
0.149558 -0.529658 0.261851
0.356154 -0.560055 0.336229
-0.418300 -0.325833 -0.057014
-0.397979 -0.337169 -0.038454
-0.175746 -0.590153 0.279821
-0.101143 -0.587553 0.282611
-0.055016 -0.577917 0.273541
0.020139 -0.538997 0.269430
0.085389 -0.533002 0.272925
-0.246177 -0.593802 0.282652
-0.025918 -0.549402 0.266064
0.291101 -0.561305 0.350538
0.403067 -0.546889 0.381020
0.474718 -0.538020 0.365377
-0.397991 -0.343357 0.022926
-0.314157 -0.597581 0.290511
0.155050 -0.521129 0.321317
0.210679 -0.517152 0.317316
-0.336966 -0.356531 0.077842
-0.100326 -0.580558 0.355461
-0.040850 -0.580686 0.342851
0.095177 -0.525159 0.325233
0.222160 -0.561921 0.399178
0.282634 -0.555433 0.402281
-0.462716 -0.319205 0.016936
-0.168832 -0.583875 0.354122
0.036409 -0.530968 0.318648
0.160061 -0.564413 0.407248
-0.389077 -0.343520 0.082738
-0.255072 -0.589758 0.352551
-0.323012 -0.592649 0.361435
-0.036458 -0.571503 0.412014
0.035356 -0.570306 0.406409
0.085789 -0.567682 0.411405
-0.384528 -0.332739 0.127015
-0.188749 -0.578124 0.395067
0.188413 -0.555410 0.444764
0.143478 -0.558549 0.456788
-0.274692 0.580904 -0.145678
-0.047948 0.699509 -0.238145
-0.457284 0.551892 -0.278511
-0.483659 0.608470 -0.551181
-0.473569 0.554066 -0.327109
-0.203587 0.645870 -0.211997
